first logit-row divergence: None   first token divergence: None
 pos   A_emit   B_emit      ref   A_marg   B_marg  gapshift   maxULP same
   0     8160     8160     8160    1.875    1.875       0.0      0.0 Y
   1      579      579      579   11.125   11.125       0.0      0.0 Y
   2      264      264      264   11.375   11.375       0.0      0.0 Y
   3     7047     7047     7047   12.625   12.625       0.0      0.0 Y
   4     1817     1817     1817    14.75    14.75       0.0      0.0 Y
   5      421      421      421   11.875   11.875       0.0      0.0 Y
   6    11177    11177    11177     11.5     11.5       0.0      0.0 Y
   7      310      310      310    13.75    13.75       0.0      0.0 Y
   8      279      279      279   14.375   14.375       0.0      0.0 Y
   9     6093     6093     6093    1.125    1.125       0.0      0.0 Y
  10       25       25       25     6.25     6.25       0.0      0.0 Y
  11      271      271      271   13.125   13.125       0.0      0.0 Y
  12       16       16       16    14.25    14.25       0.0      0.0 Y
  13       13       13       13   14.125   14.125       0.0      0.0 Y
  14      220      220      220   12.875   12.875       0.0      0.0 Y
  15     2972     2972     2972    12.75    12.75       0.0      0.0 Y
  16     2014     2014     2014    5.375    5.375       0.0      0.0 Y
  17    53983    53983    53983    14.75    14.75       0.0      0.0 Y
  18      279      279      279   15.375   15.375       0.0      0.0 Y
  19    21397    21397    21397    1.625    1.625       0.0      0.0 Y
  20    64700    64700    64700    13.75    13.75       0.0      0.0 Y
  21      198      198      198  17.0625  17.0625       0.0      0.0 Y
  22      262      262      262   14.875   14.875       0.0      0.0 Y
  23      348      348      348    8.375    8.375       0.0      0.0 Y
  24      256      256      256     13.5     13.5       0.0      0.0 Y
  25     2972     2972     2972    3.875    3.875       0.0      0.0 Y
  26     4212     4212     4212      1.0      1.0       0.0      0.0 Y
  27    64700    64700    64700   15.875   15.875       0.0      0.0 Y
  28      220      220      220   11.875   11.875       0.0      0.0 Y
  29       23       23       23   10.125   10.125       0.0      0.0 Y
  30    18922    18922    18922      1.5      1.5       0.0      0.0 Y
  31    29261    29261    29261      5.0      5.0       0.0      0.0 Y
  32    19715    19715    19715     8.75     8.75       0.0      0.0 Y
  33       13       13       13      5.5      5.5       0.0      0.0 Y
  34      198      198      198    9.125    9.125       0.0      0.0 Y
  35      262      262      262   12.875   12.875       0.0      0.0 Y
  36      348      348      348   14.375   14.375       0.0      0.0 Y
  37      256      256      256   13.875   13.875       0.0      0.0 Y
  38     2972     2972     2972     11.0     11.0       0.0      0.0 Y
  39    10234    10234    10234     1.75     1.75       0.0      0.0 Y
  40    64700    64700    64700    12.25    12.25       0.0      0.0 Y
  41     3648     3648     3648    1.625    1.625       0.0      0.0 Y
  42     4776     4776     4776      1.0      1.0       0.0      0.0 Y
  43      369      369      369   11.125   11.125       0.0      0.0 Y
  44    42371    42371    42371    0.375    0.375       0.0      0.0 Y
  45     1056     1056     1056     2.75     2.75       0.0      0.0 Y
  46      279      279      279   10.375   10.375       0.0      0.0 Y
  47     3672     3672     3672    0.625    0.625       0.0      0.0 Y
  48      318      318      318    2.625    2.625       0.0      0.0 Y
  49      528      528      528    0.375    0.375       0.0      0.0 Y
  50     3672     3672     3672     3.75     3.75       0.0      0.0 Y
  51      513      513      513    1.375    1.375       0.0      0.0 Y
  52     5951     5951     5951    3.375    3.375       0.0      0.0 Y
  53     4528     4528     4528     3.25     3.25       0.0      0.0 Y
  54      553      553      553    4.625    4.625       0.0      0.0 Y
  55      198      198      198      7.0      7.0       0.0      0.0 Y
  56      262      262      262   12.375   12.375       0.0      0.0 Y
  57      348      348      348   13.375   13.375       0.0      0.0 Y
  58      256      256      256    13.25    13.25       0.0      0.0 Y
  59     2972     2972     2972     14.5     14.5       0.0      0.0 Y
  60     7494     7494     7494     5.25     5.25       0.0      0.0 Y
  61    64700    64700    64700     14.0     14.0       0.0      0.0 Y
  62      357      357      357     2.75     2.75       0.0      0.0 Y
  63     7915     7915     7915     8.75     8.75       0.0      0.0 Y
conv_state {"n_layers": 30, "first_divergent_layer": null, "all_identical": true}
recurrent_state {"n_layers": 30, "first_divergent_layer": null, "all_identical": true}
k_cache {"n_layers": 10, "first_divergent_layer": null, "all_identical": true}
v_cache {"n_layers": 10, "first_divergent_layer": null, "all_identical": true}
argmax_in {"identical": false, "n_elem": 3973120, "n_diff": 3966797, "frac_diff": 0.998409, "max_abs_delta": 32.9765625, "max_rel_delta": 0.984375, "rms_a": 2.8575894832611084}
--- conv_state: 0/30 layers differ
--- recurrent_state: 0/30 layers differ
--- k_cache: 0/10 layers differ
--- v_cache: 0/10 layers differ
wrote /home/muhengl/mpk-qwen35/m3i9b/out/cmp_bs1.json
